42619
40703
48143
49459
39036
33492
52701
55636
37336
27814
56510
53333
58834
38259
41808
48917
45771
48739
47120
63236
45213
12580
55932
49882
59165
53917
63217
63003
36518
44168
21396
40688
46190
48592
37497
67849
49112
55769
48906
40307
63195
56035
58422
56746
67337
48013
13351
39413
36743
45119
36512
41185
58748
50022
54374
44852
50989
25505
55895
45794
38739
38304
50674
49295
16292
45340
47177
64011
47541
47884
31996
61763
52696
49929
43780
48495
35518
48867
44954
38262
45203
55865
54729
36705
69814
54548
27528
57881
42585
51329
38828
52423
51007
48329
57487
52406
45085
51219
35591
50633
54795
57866
36803
35242
40449
59112
51368
55857
46415
46400
53789
54692
48416
42331
53574
56178
50405
65614
48480
43645
47184
48835
56133
58064
12398
54048
31420
49430
50621
51024
42221
47516
58146
57626
61547
41189
49549
45137
44572
39749
54610
47782
30993
59649
51461
23509
57677
57451
41690
58461
49584
37036
54327
44951
58179
35456
63316
51305
49205
58083
48143
29952
35614
33953
56871
58002
32295
59254
46133
11615
45144
28733
44415
48616
37318
41527
30339
58345
64766
48673
51090
29542
54143
52429
47295
72511
46859
25444
69792
47349
54388
17501
59076
51477
52786
43346
35193
50584
66790
59745
53071
50490
57254
48011
50584
45233
51085
46359
60560
54486
53365
60816
64741
23738
25649
42821
48270
37018
58169
52150
56458
33966
48068
49304
56876
44994
57847
52265
14451
54309
50400
41582
42131
46911
49627
16644
6134
33424
47943
43861
29241
19031
14044
36200
50283
51764
59613
38352
67760
56831
39436
0
